Longueur
100
Capacité
400
Nombre
100
79
2
69
4
68
4
105
3
95
5
91
4
108
5
61
4
103
5
97
5
103
5
115
1
104
5
54
4
80
4
104
4
67
1
110
1
65
4
96
2
117
2
99
1
62
2
98
2
66
2
79
2
53
4
94
2
92
2
84
2
76
2
60
2
118
4
104
1
88
4
97
2
90
4
61
5
87
3
89
1
100
1
74
2
95
5
85
1
81
3
57
4
99
3
100
5
71
3
106
1
115
1
101
2
114
1
59
2
64
2
108
5
61
1
60
3
56
5
65
5
81
1
118
2
119
2
53
2
115
1
93
5
79
4
118
4
68
4
112
1
119
1
106
3
114
2
92
2
116
3
111
2
85
5
64
1
84
4
96
2
86
3
79
4
108
2
73
1
105
2
89
5
51
2
111
4
77
5
64
5
87
1
72
5
107
5
101
3
63
3
73
3
106
5
111
4
97
3
95
4

